time 2018-05-13 21:33:07
range_x  0 315 315 0
range_y  0 0 315 315
obPnt_x 0 80 80 60 90 90 80 0 10 25 314.113 40.3592 74.368 122.192 294.695 98.6812 139.688 168.34 144.02 295.825 225.531 29.2323 272.481 261.325 18.6616 186.816 129.713 91.2333 246.744 10.764 208.1 140.532 23.1097 30.2943 37.6395 26.3412 286.791 184.083 193.391 82.2084 168.036 155.314 241.128 44.0893 9.38743
obPnt_y 60 80 0 0 0 15 15 100 100 100 293.756 314.698 124.923 210.97 266.588 165.233 72.3168 287.898 135.67 245.193 252.869 163.218 261.181 86.0107 211.216 211.571 62.2285 44.7678 129.95 196.569 94.026 69.9692 147.81 284.562 165.312 288.811 94.163 178.262 301.309 72.7699 299.231 170.289 14.2839 249.607 278.185
start_x 20 200 150 10 310
start_y 0 30 170 310 300 
gridStep 10



