start_x 10 80 150 0 270
start_y 220 290 200 50 180
total time = 0.337
rob0	set size = 42
rob1	set size = 42
rob2	set size = 42
rob3	set size = 42
rob4	set size = 42
max  = 42 min = 42
allNumSize = 210
0	rob true
1	rob true
2	rob true
3	rob true
4	rob true
path_x_0 10 10 0 0 0 0 0 0 0 0 10 20 20 10 0 0 10 20 20 10 0 0 10 20 20 20 20 10 10 10 0 0 0 0 0 0 10 20 20 20 30 30 30 40 40 40 50 50 50 50 40 30 20 10 10 20 30 40 50 60 70 70 70 80 90 90 80 70 70 70 60 60 60 60 60 50 40 30 30 30 30 30 30 40 50 50 50 50 50 60 70 80 80 80 80 80 90 90 90 100 110 120 120 120 130 140 150 150 140 130 130 130 120 110 100 90 90 90 80 70 60 50 50 50 40 40 40 40 40 40 40 30 30 30 20 10 10 10 10 20 30 30 30 40 50 60 70 70 70 70 60 60 60 50 50 50 40 40 40 30 30 30 20 20 20 20 20 10
path_y_0 220 230 230 220 210 200 190 180 170 160 160 160 150 150 150 140 140 140 130 130 130 120 120 120 110 100 90 90 100 110 110 100 90 80 70 60 60 60 50 40 40 50 60 60 50 40 40 50 60 70 70 70 70 70 80 80 80 80 80 80 80 90 100 100 100 110 110 110 120 130 130 120 110 100 90 90 90 90 100 110 120 130 140 140 140 150 160 170 180 180 180 180 170 160 150 140 140 150 160 160 160 160 150 140 140 140 140 150 150 150 160 170 170 170 170 170 180 190 190 190 190 190 200 210 210 200 190 180 170 160 150 150 160 170 170 170 180 190 200 200 200 210 220 220 220 220 220 230 240 250 250 240 230 230 240 250 250 240 230 230 240 250 250 240 230 220 210 210
path_x_1 80 90 100 110 120 130 130 130 140 150 150 140 130 130 130 130 140 150 150 140 130 130 130 130 140 150 150 150 160 170 170 160 150 140 140 140 130 120 120 120 120 120 110 100 100 110 120 120 110 100 90 90 90 90 90 80 80 80 80 80 80 90 100 110 120 120 120 120 110 110 110 100 100 100 90 90 90 80 80 80 70 60 60 60 50 40 30 30 30 20 10 10 20 30 40 50 50 40 30 20 10 0 0 0 0 0 0 10 10 10 20 20 20 30 40 50 60 70 80 90 100 110 120 130 140 150 160 170 180 190 200 210 220 230 240 250 250 240 230 220 210 210 210 200 200 200 190 190 190 180 180 180 170 170 170 160 160 160 150 140 130 120 110 100 90 80 70 70
path_y_1 290 290 290 290 290 290 280 270 270 270 260 260 260 250 240 230 230 230 220 220 220 210 200 190 190 190 180 170 170 170 160 160 160 160 170 180 180 180 190 200 210 220 220 220 230 230 230 240 240 240 240 230 220 210 200 200 210 220 230 240 250 250 250 250 250 260 270 280 280 270 260 260 270 280 280 270 260 260 270 280 280 280 290 300 300 300 300 290 280 280 280 270 270 270 270 270 260 260 260 260 260 260 270 280 290 300 310 310 300 290 290 300 310 310 310 310 310 310 310 310 310 310 310 310 310 310 310 310 310 310 310 310 310 310 310 310 300 300 300 300 300 290 280 280 290 300 300 290 280 280 290 300 300 290 280 280 290 300 300 300 300 300 300 300 300 300 300 290
path_x_2 150 140 140 150 160 160 160 170 180 180 180 180 180 190 190 190 200 200 200 210 210 210 220 220 220 230 230 230 240 240 240 250 250 250 260 260 260 260 260 260 260 270 280 290 290 280 270 270 270 270 270 270 280 280 280 280 280 290 290 290 300 300 300 300 300 310 310 310 310 310 310 300 290 290 290 280 270 260 250 240 230 220 210 200 190 190 200 210 220 230 240 250 260 270 280 290 300 310 310 300 290 280 270 270 270 260 260 260 250 250 250 250 250 250 250 250 250 240 230 220 210 200 200 210 220 230 240 240 230 220 220 230 240 240 230 220 210 210 210 200 200 200 200 210 220 230 240 240 240 240 230 230 230 220 220 220 210 210 210 200 200 200 190 180 170 170 170 160
path_y_2 200 200 210 210 210 220 230 230 230 240 250 260 270 270 260 250 250 260 270 270 260 250 250 260 270 270 260 250 250 260 270 270 260 250 250 260 270 280 290 300 310 310 310 310 300 300 300 290 280 270 260 250 250 260 270 280 290 290 280 270 270 280 290 300 310 310 300 290 280 270 260 260 260 250 240 240 240 240 240 240 240 240 240 240 240 230 230 230 230 230 230 230 230 230 230 230 230 230 220 220 220 220 220 210 200 200 210 220 220 210 200 190 180 170 160 150 140 140 140 140 140 140 150 150 150 150 150 160 160 160 170 170 170 180 180 180 180 170 160 160 170 180 190 190 190 190 190 200 210 220 220 210 200 200 210 220 220 210 200 200 210 220 220 220 220 210 200 200
path_x_3 0 0 0 0 0 0 10 20 30 40 50 60 70 80 90 90 90 100 110 110 100 90 90 90 90 100 110 120 130 140 140 140 150 150 150 160 160 160 170 170 170 180 180 180 180 170 160 160 170 180 180 170 160 150 140 130 120 120 130 140 150 160 170 180 190 190 190 200 200 200 210 220 230 230 220 210 210 210 200 190 190 190 190 200 210 210 200 190 180 170 170 170 160 160 160 150 140 130 130 130 120 120 120 110 110 110 110 120 130 140 150 160 170 170 170 170 160 160 160 150 140 130 120 110 100 100 100 100 100 90 90 90 80 80 80 70 60 60 70 80 80 70 60 60 70 80 80 80 80 70 60 50 40 30 20 10 10 20 30 40 50 50 40 30 20 10 10 10
path_y_3 50 40 30 20 10 0 0 0 0 0 0 0 0 0 0 10 20 20 20 30 30 30 40 50 60 60 60 60 60 60 50 40 40 50 60 60 50 40 40 50 60 60 50 40 30 30 30 20 20 20 10 10 10 10 10 10 10 0 0 0 0 0 0 0 0 10 20 20 10 0 0 0 0 10 10 10 20 30 30 30 40 50 60 60 60 70 70 70 70 70 80 90 90 80 70 70 70 70 80 90 90 80 70 70 80 90 100 100 100 100 100 100 100 110 120 130 130 120 110 110 110 110 110 110 110 100 90 80 70 70 80 90 90 80 70 70 70 60 60 60 50 50 50 40 40 40 30 20 10 10 10 10 10 10 10 10 20 20 20 20 20 30 30 30 30 30 40 50
path_x_4 270 260 260 270 280 280 280 290 290 290 300 310 310 310 310 310 310 310 310 310 310 310 310 300 290 280 280 290 300 300 290 280 280 290 300 300 300 300 290 280 270 270 270 260 250 250 250 240 230 220 210 210 220 230 240 250 250 250 260 270 270 260 250 250 250 250 250 250 260 270 280 280 280 290 290 290 300 300 300 300 290 280 280 290 300 310 310 310 310 310 310 300 290 280 270 260 250 240 240 240 240 240 230 220 220 230 240 240 240 240 230 230 230 220 220 220 210 200 200 200 190 180 180 180 180 180 170 160 160 170 180 190 190 190 190 190 200 210 220 220 220 230 230 230 240 240 240 250 260 260 260 260 260 270 270 270 280 280 280 290 290 290 300 300 300 300 290 280
path_y_4 180 180 190 190 190 200 210 210 200 190 190 190 180 170 160 150 140 130 120 110 100 90 80 80 80 80 90 90 90 100 100 100 110 110 110 120 130 140 140 140 140 130 120 120 120 110 100 100 100 100 100 90 90 90 90 90 80 70 70 70 60 60 60 50 40 30 20 10 10 10 10 20 30 30 20 10 10 20 30 40 40 40 50 50 50 50 40 30 20 10 0 0 0 0 0 0 0 0 10 20 30 40 40 40 50 50 50 60 70 80 80 70 60 60 70 80 80 80 90 100 100 100 110 120 130 140 140 140 150 150 150 150 140 130 120 110 110 110 110 120 130 130 120 110 110 120 130 130 130 140 150 160 170 170 160 150 150 160 170 170 160 150 150 160 170 180 180 180
tvx_0 5 5 5 5 5 5 5 5 5 25 25 25 25 25 25 25 25 25 25 45 45 45 45 45 45 45 45 45 65 65 65 65 65 65 85 85 85 85 105 125 125 145
tvy_0 65 85 105 125 145 165 185 205 225 45 65 85 105 125 145 165 205 225 245 45 65 85 145 165 185 205 225 245 85 105 125 185 225 245 105 145 165 185 165 145 165 145
svx_0 5 5 5 25 25 25 5 5 5 25 5 5 25 25 25 25 5 25 25 45 25 25 25 45 45 45 25 45 45 65 65 45 45 65 65 85 85 65 85 125 105 125
svy_0 65 65 85 125 145 165 165 185 205 65 65 85 85 105 125 145 205 205 225 65 65 85 145 145 165 185 225 225 85 85 105 185 225 225 105 165 185 185 165 165 165 145
tvx_1 5 5 5 25 25 25 45 45 65 65 85 85 85 85 85 85 105 105 105 105 105 125 125 125 125 125 125 125 145 145 145 145 145 165 165 165 185 185 205 205 225 245
tvy_1 265 285 305 265 285 305 265 305 285 305 205 225 245 265 285 305 225 245 265 285 305 185 205 225 245 265 285 305 165 185 225 265 305 165 285 305 285 305 285 305 305 305
svx_1 5 5 5 5 5 25 25 25 65 45 85 85 105 85 65 65 125 125 105 85 85 125 125 125 125 125 105 105 145 125 125 125 125 145 165 145 185 165 205 185 205 225
svy_1 265 265 285 265 285 285 265 305 305 305 225 245 245 285 285 305 225 245 285 285 305 205 225 245 265 285 285 305 185 185 225 265 305 165 305 305 305 305 305 305 305 305
tvx_2 145 165 165 185 185 185 205 205 205 205 205 205 205 225 225 225 225 225 225 225 245 245 245 245 245 245 245 265 265 265 265 265 265 285 285 285 285 285 305 305 305 305
tvy_2 205 205 225 225 245 265 145 165 185 205 225 245 265 145 165 185 205 225 245 265 145 165 185 205 225 245 265 205 225 245 265 285 305 225 245 265 285 305 225 265 285 305
svx_2 145 145 165 165 185 185 225 205 225 205 185 185 205 245 245 245 225 205 205 225 245 245 245 245 225 225 245 265 245 245 265 265 265 265 265 285 285 265 285 285 305 305
svy_2 205 205 205 225 225 245 145 185 185 225 225 245 245 145 165 185 225 225 245 245 165 185 205 225 225 245 245 225 225 245 245 265 285 225 245 245 265 305 225 265 265 285
tvx_3 5 5 5 25 25 45 45 65 65 65 85 85 85 85 85 105 105 105 105 125 125 125 125 145 145 145 145 165 165 165 165 165 165 165 185 185 185 185 205 205 205 225
tvy_3 5 25 45 5 25 5 25 5 45 65 5 25 45 65 85 25 65 85 105 5 65 85 105 5 45 65 105 5 25 45 65 85 105 125 5 25 45 65 5 25 65 5
svx_3 5 5 5 5 5 25 25 45 85 85 65 85 85 85 85 85 85 105 105 145 105 125 105 165 145 125 125 185 185 165 145 165 145 165 185 185 185 165 205 185 185 205
svy_3 5 5 25 5 25 5 25 5 45 65 5 5 25 45 65 25 65 65 85 5 65 65 105 5 65 65 105 5 25 65 65 65 105 105 25 45 65 65 25 25 65 5
tvx_4 165 185 185 185 205 205 225 225 225 225 225 245 245 245 245 245 245 245 265 265 265 265 265 265 285 285 285 285 285 285 285 285 285 305 305 305 305 305 305 305 305 305
tvy_4 145 105 125 145 85 105 45 65 85 105 125 5 25 45 65 85 105 125 5 65 125 145 165 185 5 25 45 85 105 145 165 185 205 5 25 45 85 105 125 145 165 185
svx_4 165 185 185 165 205 185 245 225 205 205 225 245 245 245 245 225 225 245 245 245 245 265 265 285 265 285 305 305 305 265 285 305 285 285 305 305 305 305 305 285 305 305
svy_4 145 125 145 145 105 105 45 85 85 105 105 25 45 65 85 85 105 105 5 65 125 125 145 185 5 5 45 85 105 145 145 185 185 5 5 25 105 125 145 145 145 165
