start_x 280 150 160 310 290
start_y 20 60 270 70 260
total time = 16.861
rob0	set size = 39
rob1	set size = 46
rob2	set size = 33
rob3	set size = 47
rob4	set size = 21
max  = 47 min = 21
allNumSize = 186
0	rob true
1	rob true
2	rob true
3	rob true
4	rob true
path_x_0 280 280 280 270 260 250 250 250 250 250 240 240 240 230 220 210 200 190 180 170 170 180 190 200 210 210 200 190 180 170 160 160 160 150 140 140 150 160 160 160 170 170 170 180 180 180 180 180 180 170 160 160 160 160 170 170 170 180 190 200 200 200 210 210 210 220 220 220 230 230 230 240 240 240 250 250 250 260 260 260 270 270 270 280 280 280 290 290 290 290 280 270 260 250 240 230 230 230 220 220 220 210 200 190 190 190 190 190 190 200 200 200 210 210 210 220 230 240 240 240 240 240 250 250 250 260 260 260 270 270 270 280 280 280 290 290 290 300 310 310 300 290 290 290 290 300 310 310 300 290 280 270 260 260 270 280
path_y_0 20 30 40 40 40 40 30 20 10 0 0 10 20 20 20 20 20 20 20 20 10 10 10 10 10 0 0 0 0 0 0 10 20 20 20 30 30 30 40 50 50 40 30 30 40 50 60 70 80 80 80 90 100 110 110 100 90 90 90 90 100 110 110 100 90 90 100 110 110 100 90 90 100 110 110 100 90 90 100 110 110 100 90 90 100 110 110 100 90 80 80 80 80 80 80 80 70 60 60 70 80 80 80 80 70 60 50 40 30 30 40 50 50 40 30 30 30 30 40 50 60 70 70 60 50 50 60 70 70 60 50 50 60 70 70 60 50 50 50 40 40 40 30 20 10 10 10 0 0 0 0 0 0 10 10 10
path_x_1 150 150 150 150 140 130 130 130 120 120 120 110 110 110 100 100 100 100 100 90 90 90 80 80 80 70 60 50 50 50 40 40 40 40 40 30 30 30 30 30 20 10 10 10 10 20 30 40 40 40 50 50 50 60 60 60 70 70 70 80 80 80 90 90 90 100 110 110 110 120 130 130 120 110 100 100 100 90 80 70 70 70 70 70 60 60 60 60 60 50 40 30 30 30 20 20 20 10 10 10 10 10 10 10 10 10 10 10 10 10 0 0 0 0 0 0 0 0 0 0 0 0 0 0 0 0 0 0 10 20 20 20 20 10 10 10 0 0 0 0 0 0 10 20 20 20 30 30 30 40 50 50 40 30 20 10 10 20 30 40 50 50 50 60 70 80 90 100 110 110 110 120 130 140 140 140 140 130 120 120 130 140 150 150
path_y_1 60 70 80 90 90 90 100 110 110 100 90 90 100 110 110 100 90 80 70 70 80 90 90 80 70 70 70 70 80 90 90 80 70 60 50 50 60 70 80 90 90 90 100 110 120 120 120 120 110 100 100 110 120 120 110 100 100 110 120 120 110 100 100 110 120 120 120 130 140 140 140 150 150 150 150 140 130 130 130 130 140 150 160 170 170 160 150 140 130 130 130 130 140 150 150 140 130 130 140 150 160 170 180 190 200 210 220 230 240 250 250 240 230 220 210 200 190 180 170 160 150 140 130 120 110 100 90 80 80 80 70 60 50 50 60 70 70 60 50 40 30 20 20 20 10 0 0 10 20 20 20 30 30 30 30 30 40 40 40 40 40 50 60 60 60 60 60 60 60 70 80 80 80 80 70 60 50 50 50 40 40 40 40 50
path_x_2 160 160 160 160 150 140 130 120 110 100 90 80 70 60 50 40 30 20 10 10 20 30 40 50 60 70 80 90 100 110 120 130 130 120 110 100 90 80 70 70 70 70 80 90 100 110 120 130 130 120 110 100 90 90 90 80 80 80 70 70 70 60 50 50 50 50 50 40 40 40 30 20 20 30 40 40 40 50 60 60 50 40 40 50 60 60 60 60 50 50 50 40 40 40 30 30 30 20 20 20 10 0 0 0 0 10 20 30 40 50 60 70 80 90 100 110 120 130 140 150 160 170 170 170 170 170 170 160 150 140 140 150
path_y_2 270 280 290 300 300 300 300 300 300 300 300 300 300 300 300 300 300 300 300 290 290 290 290 290 290 290 290 290 290 290 290 290 280 280 280 280 280 280 280 270 260 250 250 250 250 250 250 250 240 240 240 240 240 230 220 220 230 240 240 230 220 220 220 210 200 190 180 180 190 200 200 200 210 210 210 220 230 230 230 240 240 240 250 250 250 260 270 280 280 270 260 260 270 280 280 270 260 260 270 280 280 280 290 300 310 310 310 310 310 310 310 310 310 310 310 310 310 310 310 310 310 310 300 290 280 270 260 260 260 260 270 270
path_x_3 310 310 300 300 300 300 300 300 300 300 300 290 280 280 290 300 300 290 280 280 290 300 300 300 300 290 280 270 270 270 260 250 250 250 250 250 240 230 220 210 200 190 180 170 160 150 150 150 140 140 140 140 140 130 120 110 100 90 90 90 80 80 80 80 80 80 90 100 100 100 110 110 110 120 120 120 130 130 130 140 150 160 160 160 160 150 140 140 150 160 170 180 190 200 200 200 210 210 210 220 230 230 220 210 200 190 180 170 170 170 170 170 160 150 140 130 120 110 100 90 90 100 110 120 130 140 150 150 150 160 170 180 190 200 200 200 210 210 210 220 220 220 230 230 230 240 240 240 240 230 220 210 200 200 210 220 230 240 240 240 250 250 250 260 260 260 270 280 290 300 300 300 310 310 310 310 310 310 310 310 310 310 310 310 310 310 310 310
path_y_3 70 60 60 70 80 90 100 110 120 130 140 140 140 150 150 150 160 160 160 170 170 170 180 190 200 200 200 200 190 180 180 180 170 160 150 140 140 140 140 140 140 140 140 140 140 140 130 120 120 130 140 150 160 160 160 160 160 160 150 140 140 150 160 170 180 190 190 190 200 210 210 200 190 190 200 210 210 200 190 190 190 190 200 210 220 220 220 230 230 230 230 230 230 230 240 250 250 240 230 230 230 220 220 220 220 220 220 220 210 200 190 180 180 180 180 180 180 180 180 180 170 170 170 170 170 170 170 160 150 150 150 150 150 150 160 170 170 160 150 150 160 170 170 160 150 150 160 170 180 180 180 180 180 190 190 190 190 190 200 210 210 200 190 190 200 210 210 210 210 210 220 230 230 220 210 200 190 180 170 160 150 140 130 120 110 100 90 80
path_x_4 290 290 290 300 300 300 310 310 310 310 300 290 280 270 260 250 250 260 270 280 290 300 310 310 300 290 280 270 260 250 240 230 220 210 200 190 180 180 190 200 200 200 210 210 210 220 230 240 240 240 240 230 220 220 230 240 250 250 250 260 260 260 270 270 270 280 280 280 280 270 260 250 240 240 250 260 260 260 270 270 270 280 290 290
path_y_4 260 270 280 280 270 260 260 270 280 290 290 290 290 290 290 290 300 300 300 300 300 300 300 310 310 310 310 310 310 310 310 310 310 310 310 310 310 300 300 300 290 280 280 290 300 300 300 300 290 280 270 270 270 260 260 260 260 270 280 280 270 260 260 270 280 280 270 260 250 250 250 250 250 240 240 240 230 220 220 230 240 240 240 250
tvx_0 145 165 165 165 165 165 185 185 185 185 185 205 205 205 205 205 225 225 225 225 245 245 245 245 245 245 265 265 265 265 265 285 285 285 285 285 285 305 305
tvy_0 25 5 25 45 85 105 5 25 45 65 85 5 25 45 85 105 25 65 85 105 5 25 45 65 85 105 5 45 65 85 105 5 25 45 65 85 105 5 45
svx_0 145 165 145 165 185 165 165 165 185 185 185 185 185 205 185 205 205 225 205 225 245 225 245 245 225 245 285 245 265 245 265 285 285 265 285 265 285 285 285
svy_0 25 25 25 25 85 85 5 25 25 45 65 5 25 25 85 85 25 85 85 85 25 25 25 45 85 85 5 45 45 85 85 25 45 45 45 85 85 5 45
tvx_1 5 5 5 5 5 5 5 5 5 5 5 5 25 25 25 25 25 25 25 45 45 45 45 45 45 65 65 65 65 65 85 85 85 85 105 105 105 105 105 125 125 125 125 145 145 145
tvy_1 25 45 65 85 105 125 145 165 185 205 225 245 5 25 45 65 85 125 145 25 45 65 85 105 125 65 105 125 145 165 65 85 105 125 65 85 105 125 145 45 85 105 145 45 65 85
svx_1 5 5 5 25 5 5 5 5 5 5 5 5 25 5 5 25 25 5 25 25 25 45 45 45 25 45 65 45 65 65 65 85 85 65 85 105 105 85 105 145 105 125 105 145 145 125
svy_1 25 25 45 85 85 105 125 145 165 185 205 225 25 25 45 45 65 125 125 25 45 45 65 125 125 65 125 125 125 145 65 65 125 125 65 65 85 125 125 45 85 85 145 65 85 85
tvx_2 5 5 25 25 25 25 45 45 45 45 45 45 45 65 65 65 65 65 85 85 85 85 105 105 105 125 125 125 145 145 165 165 165
tvy_2 285 305 205 265 285 305 185 205 225 245 265 285 305 225 245 265 285 305 225 245 285 305 245 285 305 245 285 305 265 305 265 285 305
svx_2 5 5 45 25 5 5 45 45 65 65 45 25 25 65 65 65 45 45 85 65 65 65 85 85 85 105 105 105 165 125 165 165 145
svy_2 285 285 205 285 285 305 205 225 225 245 285 285 305 245 265 285 285 305 245 245 285 305 245 285 305 245 285 305 265 305 285 305 305
tvx_3 85 85 85 105 105 105 125 125 125 145 145 145 145 145 165 165 165 165 185 185 205 205 205 205 205 225 225 225 225 245 245 245 245 265 265 285 285 285 305 305 305 305 305 305 305 305 305
tvy_3 145 165 185 165 185 205 165 185 205 125 145 165 185 225 145 185 205 225 145 225 145 165 185 225 245 145 165 185 225 145 165 185 205 185 205 145 165 205 65 85 105 125 145 165 185 205 225
svx_3 85 85 85 85 85 105 105 105 125 145 145 125 125 165 145 145 165 165 165 165 185 205 225 185 205 205 225 245 205 225 245 245 245 245 265 305 305 265 305 305 305 305 305 305 305 285 305
svy_3 145 145 165 165 185 185 165 185 185 145 165 165 185 225 145 185 185 205 145 225 145 145 185 225 225 145 145 185 225 145 145 165 185 185 185 145 165 205 85 105 125 145 165 185 205 205 205
tvx_4 185 205 205 225 225 245 245 245 245 265 265 265 265 265 285 285 285 285 305 305 305
tvy_4 305 285 305 265 305 245 265 285 305 225 245 265 285 305 245 265 285 305 265 285 305
svx_4 185 205 185 245 205 265 245 245 225 265 285 265 245 245 285 285 265 265 305 285 285
svy_4 305 305 305 265 305 245 285 305 305 245 245 285 285 305 265 285 285 305 285 285 305
