start_x 20 200 300 10 310
start_y 0 30 170 310 300
path_x_0 20 30 40 50 60 70 80 90 90 80 70 60 50 40 30 20 10 10 20 30 40 50 60 70 80 90 100 110 110 100 90 80 70 60 50 40 30 20 10 10 20 30 40 50 60 70 80 90 100 110 110 100 90 90 100 110 110 100 90 80 80 80 70 60 50 40 30 20 10 10 20 30 30 20 10 10 20 30 40 50 60 70 80 90 100 110 120 130 130 120 110 100 90 80 70 60 50 40 30 20 10 10 20 30 40 50 60 70 80 90 100 110 120 130 130 120 110 100 90 90 100 110 120 130 140 150 150 140 130 120 110 100 90 80 80 80 70 60 50 40 30 20 10 10 20 30 40 50 50 40 30 20 10 0 0 0 0 0 0 0 0 0 0 0 0 0 0 10
path_y_0 0 0 0 0 0 0 0 0 10 10 10 10 10 10 10 10 10 20 20 20 20 20 20 20 20 20 20 20 30 30 30 30 30 30 30 30 30 30 30 40 40 40 40 40 40 40 40 40 40 40 50 50 50 60 60 60 70 70 70 70 60 50 50 50 50 50 50 50 50 60 60 60 70 70 70 80 80 80 80 80 80 80 80 80 80 80 80 80 90 90 90 90 90 90 90 90 90 90 90 90 90 100 100 100 100 100 100 100 100 100 100 100 100 100 110 110 110 110 110 120 120 120 120 120 120 120 130 130 130 130 130 130 130 130 120 110 110 110 110 110 110 110 110 120 120 120 120 120 130 130 130 130 130 130 120 110 100 90 80 70 60 50 40 30 20 10 0 0
path_x_1 200 200 200 190 190 190 190 190 190 190 180 180 180 170 170 170 170 170 170 180 190 190 180 170 160 150 140 140 150 160 160 160 160 160 160 160 170 180 180 180 180 170 160 150 150 150 150 150 140 140 140 140 140 130 130 130 130 130 130 140 150 150 140 130 120 120 120 120 120 120 120 110 100 100 110 120 130 140 150 160 170 180 190 200 210 220 230 240 250 260 270 280 290 300 310 310 310 310 310 310 300 300 300 300 300 290 290 290 290 290 290 290 280 280 280 280 280 280 280 270 270 270 270 270 270 270 260 260 260 260 260 260 260 250 250 250 250 250 250 250 240 240 240 230 220 220 230 240 240 240 240 230 220 210 210 210 210 210 210 210 200 200 200 200
path_y_1 30 20 10 10 20 30 40 50 60 70 70 60 50 50 60 70 80 90 100 100 100 110 110 110 110 110 110 100 100 100 90 80 70 60 50 40 40 40 30 20 10 10 10 10 20 30 40 50 50 40 30 20 10 10 20 30 40 50 60 60 60 70 70 70 70 60 50 40 30 20 10 10 10 0 0 0 0 0 0 0 0 0 0 0 0 0 0 0 0 0 0 0 0 0 0 10 20 30 40 50 50 40 30 20 10 10 20 30 40 50 60 70 70 60 50 40 30 20 10 10 20 30 40 50 60 70 70 60 50 40 30 20 10 10 20 30 40 50 60 70 70 60 50 50 50 40 40 40 30 20 10 10 10 10 20 30 40 50 60 70 70 60 50 40
path_x_2 300 300 300 300 300 300 300 300 300 290 290 290 280 280 280 270 270 270 270 270 260 260 260 260 260 250 250 250 250 250 240 240 240 240 240 230 230 230 230 230 220 220 220 220 220 210 210 210 200 200 200 200 210 220 230 240 250 260 270 280 290 300 310 310 310 310 310 310 310 310 310 310 310 310 310 310 310 310 310 310 300 290 280 270 260 260 260 250 240 240 240 240 240 230 220 220 220 210 200 200 210 220 220 220 230 230 230 230 230 240 240 240 250 250 250 250 250 250 250 260 260 260 270 270 270 270 270 280 280 280 280 280 280 280 280 280 280 270 260 260 270 280 280 280 290 290 290 290 290 290 290 290 290 290 290 290 290 300 300 300 300 300 300 300
path_y_2 170 160 150 140 130 120 110 100 90 90 100 110 110 100 90 90 100 110 120 130 130 120 110 100 90 90 100 110 120 130 130 120 110 100 90 90 100 110 120 130 130 120 110 100 90 90 100 110 110 100 90 80 80 80 80 80 80 80 80 80 80 80 80 90 100 110 120 130 140 150 160 170 180 190 200 210 220 230 240 250 250 250 250 250 250 240 230 230 230 220 210 200 190 190 190 180 170 170 170 160 160 160 150 140 140 150 160 170 180 180 170 160 160 170 180 190 200 210 220 220 210 200 200 210 220 230 240 240 230 220 210 200 190 180 170 160 150 150 150 140 140 140 130 120 120 130 140 150 160 170 180 190 200 210 220 230 240 240 230 220 210 200 190 180
path_x_3 10 0 0 0 0 0 0 0 0 0 0 0 0 0 0 0 0 10 20 30 40 50 60 70 80 90 100 110 120 130 130 120 110 100 90 80 70 60 50 40 30 20 10 10 20 30 40 50 60 70 80 90 100 110 110 100 90 80 70 60 50 40 30 20 10 10 20 30 40 50 60 70 70 60 50 40 30 20 10 10 20 30 40 50 60 70 80 90 100 100 100 110 120 130 130 120 110 110 120 130 130 120 110 100 90 90 100 110 120 130 130 120 110 100 90 90 100 110 120 130 130 120 110 110 120 130 130 130 130 120 120 120 110 100 100 100 90 80 80 80 80 80 70 60 50 40 30 20 10 10 20 30 40 50 50 40 30 20 10 10 20 30 40 50 50 40 30 20 10 10 20 30 40 50 60 70 70 60 50 40 30 20 10 10 20 30 40 50 60 70 80 90 90 80 70 60 50 40 30 20
path_y_3 310 310 300 290 280 270 260 250 240 230 220 210 200 190 180 170 160 160 160 160 160 160 160 160 160 160 160 160 160 160 170 170 170 170 170 170 170 170 170 170 170 170 170 180 180 180 180 180 180 180 180 180 180 180 190 190 190 190 190 190 190 190 190 190 190 200 200 200 200 200 200 200 210 210 210 210 210 210 210 220 220 220 220 220 220 220 220 220 220 210 200 200 200 200 210 210 210 220 220 220 230 230 230 230 230 240 240 240 240 240 250 250 250 250 250 260 260 260 260 260 270 270 270 280 280 280 290 300 310 310 300 290 290 290 280 270 270 270 260 250 240 230 230 230 230 230 230 230 230 240 240 240 240 240 250 250 250 250 250 260 260 260 260 260 270 270 270 270 270 280 280 280 280 280 280 280 290 290 290 290 290 290 290 300 300 300 300 300 300 300 300 300 310 310 310 310 310 310 310 310
path_x_4 310 310 300 290 280 270 260 250 240 240 240 230 220 210 210 210 200 190 180 170 160 160 160 160 160 160 160 160 170 170 170 170 170 170 170 180 180 180 180 180 180 180 180 180 180 170 160 160 160 160 170 170 170 180 180 180 180 180 180 180 180 170 170 170 160 160 160 160 170 180 190 190 190 200 210 210 200 190 190 190 190 190 190 200 210 210 200 190 190 190 190 190 190 190 190 190 190 200 200 200 210 220 220 220 220 210 200 200 210 220 220 220 230 230 230 230 230 230 230 240 240 240 240 240 250 250 250 250 250 250 250 260 260 260 260 260 270 270 270 270 270 280 280 280 280 280 290 290 290 290 290 300 300 300 300 300 310 310 310 310
path_y_4 300 310 310 310 310 310 310 310 310 300 290 290 290 290 300 310 310 310 310 310 310 300 290 280 270 260 250 240 240 250 260 270 280 290 300 300 290 280 270 260 250 240 230 220 210 210 210 200 190 180 180 190 200 200 190 180 170 160 150 140 130 130 140 150 150 140 130 120 120 120 120 130 140 140 140 150 150 150 160 170 180 190 200 200 200 210 210 210 220 230 240 250 260 270 280 290 300 300 290 280 280 280 270 260 250 250 250 240 240 240 230 220 220 230 240 250 260 270 280 280 270 260 250 240 240 250 260 270 280 290 300 300 290 280 270 260 260 270 280 290 300 300 290 280 270 260 260 270 280 290 300 300 290 280 270 260 260 270 280 290
tvx_0 5 5 5 5 5 5 5 25 25 25 25 25 25 45 45 45 45 45 45 65 65 65 65 65 85 85 85 85 85 85 85 105 105 105 105 105 105 125 125 125 145
tvy_0 5 25 45 65 85 105 125 25 45 65 85 105 125 5 25 45 85 105 125 5 25 45 85 105 5 25 45 65 85 105 125 25 45 65 85 105 125 85 105 125 125
svx_0 25 5 5 5 5 5 5 5 5 5 5 5 5 25 25 25 25 25 25 45 45 45 45 45 65 65 65 85 65 65 85 85 85 85 85 85 85 105 105 105 125
svy_0 5 5 25 45 65 85 105 25 45 65 85 105 125 5 25 45 85 105 125 5 25 45 85 105 5 25 45 45 85 105 105 25 45 65 85 105 125 85 105 125 125
tvx_1 105 125 125 125 125 145 145 145 145 145 165 165 165 165 165 185 185 185 185 185 205 205 205 225 225 245 245 245 245 265 265 265 265 285 285 285 285 305 305 305
tvy_1 5 5 25 45 65 5 25 45 65 105 5 45 65 85 105 5 25 45 65 105 5 45 65 5 45 5 25 45 65 5 25 45 65 5 25 45 65 5 25 45
svx_1 125 145 125 125 125 165 145 145 125 165 185 185 165 165 165 205 185 185 185 165 205 205 205 205 245 225 245 245 245 245 265 265 265 265 285 285 285 285 305 305
svy_1 5 5 5 25 45 5 5 25 65 105 5 45 45 65 85 5 5 25 45 105 25 25 45 5 45 5 5 25 45 5 5 25 45 5 5 25 45 5 5 25
tvx_2 205 205 205 225 225 225 225 225 225 245 245 245 245 245 245 245 265 265 265 265 265 265 265 285 285 285 285 285 285 285 285 285 305 305 305 305 305 305 305 305
tvy_2 85 105 165 85 105 125 145 165 185 85 105 125 165 185 205 225 85 105 125 145 205 225 245 85 105 125 145 165 185 205 225 245 85 105 125 145 185 205 225 245
svx_2 225 205 225 245 225 225 225 225 245 265 245 245 245 245 245 265 285 265 265 285 265 265 285 305 285 285 285 285 285 285 285 305 305 305 305 305 305 305 305 305
svy_2 85 85 165 85 85 105 165 185 185 85 85 105 185 205 225 225 85 85 105 145 225 245 245 85 85 145 165 185 205 225 245 245 105 125 145 165 165 185 205 225
tvx_3 5 5 5 5 5 5 5 25 25 25 25 25 25 25 25 45 45 45 45 45 45 45 45 65 65 65 65 65 65 85 85 85 85 85 85 105 105 105 105 105 105 105 125 125 125 125 125 125 125
tvy_3 165 185 205 225 245 265 285 165 185 205 225 245 265 285 305 165 185 205 225 245 265 285 305 165 185 205 225 285 305 165 185 225 245 265 305 165 185 205 225 245 265 285 165 205 225 245 265 285 305
svx_3 5 5 5 5 5 5 5 5 5 5 5 5 5 5 5 25 25 25 25 25 25 25 25 45 45 45 45 45 45 65 65 65 85 85 65 85 85 105 85 85 85 105 105 105 105 105 105 105 125
svy_3 185 205 225 245 265 285 305 165 185 205 225 245 265 285 305 165 185 205 225 245 265 285 305 165 185 205 225 285 305 165 185 225 225 245 305 165 185 225 225 245 265 265 165 205 225 245 265 285 285
tvx_4 165 165 165 165 165 165 165 165 185 185 185 185 185 185 185 185 185 185 205 205 205 205 205 225 225 225 225 245 245 245 245 265 265 265 285 285 285 305 305
tvy_4 125 145 185 205 245 265 285 305 125 145 165 185 205 225 245 265 285 305 145 205 245 285 305 225 245 265 285 245 265 285 305 265 285 305 265 285 305 265 285
svx_4 185 165 165 185 165 165 165 185 185 185 185 185 185 185 185 185 185 205 185 185 225 225 205 225 225 225 245 245 245 245 265 265 265 285 285 285 305 305 305
svy_4 125 125 205 205 265 285 305 305 145 165 185 205 225 245 265 285 305 305 145 205 245 285 285 245 265 285 285 265 285 305 305 285 305 305 285 305 305 285 305
