start_x 20
start_y 140
total time = 0.001
rob0	set size = 41
max  = 41 min = 41
allNumSize = 41
0	rob true
path_x_0 20 20 20 20 10 0 0 10 20 20 20 20 10 10 10 0 0 0 0 0 0 0 0 0 0 10 10 10 20 30 40 40 40 50 60 70 80 90 100 110 120 130 130 130 130 120 120 120 110 100 90 90 90 80 80 80 70 60 50 50 50 40 30 20 10 10 10 10 20 30 30 30 40 50 60 60 60 70 80 90 100 100 100 110 110 110 120 130 130 130 130 130 130 130 130 130 130 120 110 100 100 110 120 120 110 100 100 110 120 120 110 100 100 110 120 120 120 120 110 100 90 80 70 70 70 70 70 60 60 60 50 40 30 30 30 30 40 50 50 50 60 70 80 80 80 90 90 90 90 80 70 60 50 40 40 40 30 30 30 20 10 0 0 10
path_y_0 140 130 120 110 110 110 100 100 100 90 80 70 70 80 90 90 80 70 60 50 40 30 20 10 0 0 10 20 20 20 20 10 0 0 0 0 0 0 0 0 0 0 10 20 30 30 20 10 10 10 10 20 30 30 20 10 10 10 10 20 30 30 30 30 30 40 50 60 60 60 70 80 80 80 80 70 60 60 60 60 60 50 40 40 50 60 60 60 70 80 90 100 110 120 130 140 150 150 150 150 140 140 140 130 130 130 120 120 120 110 110 110 100 100 100 90 80 70 70 70 70 70 70 80 90 100 110 110 100 90 90 90 90 100 110 120 120 120 130 140 140 140 140 130 120 120 130 140 150 150 150 150 150 150 140 130 130 140 150 150 150 150 140 140
tvx_0 5 5 5 5 5 5 5 25 25 25 25 25 25 45 45 45 45 45 65 65 65 65 65 85 85 85 85 85 105 105 105 105 105 105 125 125 125 125 125 125 125
tvy_0 5 25 45 65 85 105 145 25 65 85 105 125 145 5 25 85 125 145 5 65 85 105 145 5 25 65 125 145 5 45 65 105 125 145 5 25 65 85 105 125 145
svx_0 5 5 5 5 5 25 25 5 5 25 25 25 25 45 25 25 25 45 45 65 45 65 45 65 85 65 85 65 85 105 85 125 125 125 105 125 105 125 125 125 125
svy_0 5 5 25 45 65 105 145 25 65 65 85 105 125 25 25 85 125 125 5 85 85 85 145 5 5 65 145 145 5 65 65 105 125 145 5 5 65 65 85 105 125
